operations: 703 
690 526 334 925 485 752 387 236 636 808 399 608 54 319 311 948 947 202 180 761 779 651 345 847 134 888 461 862 17 44 484 541 424 448 964 920 324 266 233 622 98 559 802 693 73 934 815 306 912 890 544 754 781 195 957 370 991 584 230 286 529 956 532 457 527 215 939 909 910 40 859 492 453 958 164 806 570 838 578 799 65 625 848 481 101 768 543 707 977 375 479 322 128 69 753 379 736 384 830 275 

operations: 706 
556 442 899 961 959 912 430 847 463 359 838 111 384 882 629 874 797 198 140 975 159 263 954 353 138 240 815 495 365 729 647 677 141 631 870 432 819 973 831 315 121 833 145 150 134 805 88 861 665 880 929 274 776 851 644 646 891 501 748 913 207 435 310 822 993 869 860 107 983 908 685 373 920 469 710 821 896 608 922 580 653 684 667 128 188 946 565 149 317 517 239 893 481 483 109 811 511 786 380 360 

operations: 706 
915 220 744 64 443 245 681 356 520 918 247 699 257 196 619 779 290 889 555 682 986 468 374 434 50 545 12 338 192 129 370 582 982 510 476 592 631 759 155 703 154 956 719 327 697 864 736 506 428 955 981 787 347 295 595 539 216 526 810 365 221 183 286 185 444 887 838 326 244 46 701 253 761 749 845 98 140 392 886 511 259 687 493 551 774 661 450 965 350 854 556 714 728 664 130 109 947 990 807 579 

operations: 706 
680 755 185 938 823 289 100 646 234 475 611 795 242 239 916 474 188 160 908 53 61 513 414 375 225 236 397 756 369 334 903 899 102 153 425 561 940 878 605 674 145 156 653 149 368 195 347 63 828 729 706 645 264 167 603 805 650 665 879 827 363 702 182 540 219 406 589 479 667 222 929 306 215 166 209 542 692 779 137 58 506 634 968 971 147 468 863 578 834 90 753 500 376 936 227 320 808 159 168 949 

operations: 707 
237 923 210 418 962 636 48 928 324 906 126 314 834 725 594 930 387 457 708 627 280 107 972 149 528 764 821 86 806 137 812 410 424 997 851 811 524 163 681 613 650 513 463 348 279 168 162 592 110 803 804 643 232 819 114 586 668 964 947 367 442 792 691 717 141 423 622 201 15 871 356 974 591 980 407 946 222 934 515 510 153 225 338 661 545 628 828 384 688 550 710 472 486 142 89 835 839 554 352 822 

operations: 701 
746 649 478 40 699 438 813 2 52 168 744 959 769 330 725 940 90 968 502 373 205 60 247 514 302 570 773 602 202 416 592 580 517 515 976 159 644 222 176 918 233 379 152 660 234 731 118 313 846 870 897 169 425 594 136 652 144 567 162 315 305 829 783 925 281 534 45 888 899 807 187 272 706 966 504 91 116 238 664 891 946 89 74 259 512 321 718 146 989 750 240 895 357 555 882 343 451 820 327 795 

operations: 714 
13 480 601 427 204 171 615 897 576 710 140 70 678 397 252 620 128 180 343 482 186 287 83 112 742 825 923 967 795 747 975 465 45 419 772 968 649 921 861 925 506 417 914 524 688 613 402 271 752 579 371 575 370 38 451 544 887 217 367 809 955 435 779 34 741 516 558 109 870 664 225 946 240 849 871 404 743 845 976 105 989 73 693 840 662 467 74 429 703 540 359 296 264 164 261 653 332 537 685 463 

operations: 711 
38 868 475 928 604 696 586 136 233 151 343 177 527 670 924 935 827 374 294 531 742 732 695 891 817 325 727 347 69 904 561 213 250 384 643 26 11 713 263 361 789 799 108 372 224 791 513 311 526 338 244 55 448 712 288 252 743 165 495 37 424 797 976 690 285 710 872 822 980 500 422 366 413 149 968 722 416 793 107 619 678 230 131 113 67 841 279 762 364 243 317 988 134 345 876 39 512 258 418 633 

operations: 707 
219 99 189 420 846 493 201 544 631 538 496 45 409 360 359 208 193 742 495 768 131 129 380 653 397 196 185 949 417 386 950 861 670 527 525 169 732 11 449 271 366 130 352 466 204 383 854 717 960 924 421 108 410 242 403 871 800 510 807 353 990 365 719 424 626 827 895 199 258 289 264 51 308 395 349 656 250 745 951 515 302 571 160 652 939 158 402 438 350 862 682 965 908 477 259 492 361 889 304 634 

operations: 714 
381 547 453 824 191 830 155 291 675 391 908 601 584 857 280 797 254 63 423 401 339 667 522 625 168 398 17 360 396 417 14 493 513 46 473 201 543 633 848 961 730 346 772 816 488 894 935 166 832 946 203 262 268 672 49 219 995 724 923 281 138 271 21 551 259 420 562 504 749 870 657 471 141 593 526 440 979 670 286 822 751 343 655 340 448 390 368 531 377 305 124 855 766 611 413 942 550 347 931 159 

operations: 702 
157 240 239 84 16 355 177 135 1 151 455 541 888 983 246 704 791 439 25 273 623 228 85 112 749 862 921 866 425 764 464 867 136 763 736 485 825 616 203 553 669 120 576 603 759 982 452 656 744 70 670 917 137 644 243 524 613 642 395 896 523 958 258 786 627 597 305 22 966 604 993 842 573 99 970 898 593 856 555 504 680 795 854 985 650 618 458 129 980 72 583 648 526 784 217 354 357 819 671 284 

operations: 717 
638 833 180 279 550 647 906 866 430 529 939 268 403 600 314 929 845 659 712 132 176 698 466 714 791 716 946 319 391 267 814 346 968 272 800 998 733 128 108 81 256 463 401 875 262 863 554 40 320 481 985 711 266 147 124 717 385 642 235 488 464 315 820 729 185 999 371 107 844 467 329 792 705 621 208 386 587 977 564 25 167 312 23 389 902 505 737 936 210 895 934 677 412 622 860 105 837 119 212 734 

operations: 719 
860 311 582 186 951 523 806 902 137 41 213 356 150 110 637 696 342 872 117 873 559 390 199 832 267 308 14 354 371 420 107 289 899 539 938 550 644 230 887 367 715 764 617 586 811 591 531 19 878 710 466 789 363 287 963 190 958 867 842 16 377 27 745 338 966 449 361 36 439 128 612 316 934 755 212 622 670 901 479 276 80 746 232 675 33 247 620 827 202 514 572 447 705 218 275 919 397 379 104 663 

operations: 710 
199 824 731 642 417 989 897 941 597 103 251 74 777 400 229 475 666 305 159 149 397 753 224 553 702 530 606 916 737 572 974 881 915 365 408 329 243 947 820 609 651 667 227 112 807 198 68 621 258 32 571 168 326 712 716 817 540 214 709 600 322 825 285 303 574 201 854 602 649 163 582 784 763 544 724 503 625 585 809 106 466 541 557 373 990 761 956 547 811 592 902 525 818 843 284 117 717 960 577 435 

operations: 703 
352 19 107 915 357 59 833 141 248 547 935 271 174 470 252 436 817 757 270 21 314 515 602 668 844 94 761 952 409 717 157 957 458 112 752 54 42 280 46 589 956 751 444 361 379 139 434 774 581 673 197 452 767 827 408 169 770 93 286 135 224 824 662 644 53 200 746 189 787 925 912 627 269 672 176 571 753 685 871 986 152 594 310 327 708 416 259 212 810 414 514 640 476 218 84 528 426 591 183 214 

operations: 701 
22 896 556 969 581 668 865 829 380 759 402 504 577 728 230 663 26 320 743 133 794 102 67 823 660 677 269 142 689 10 226 559 832 637 954 337 398 605 700 714 971 987 493 50 542 205 393 470 455 286 821 989 535 634 412 478 736 302 831 136 84 950 311 521 324 208 299 997 857 530 705 520 835 583 792 681 867 289 547 110 591 888 491 994 526 327 803 837 864 947 698 641 708 58 172 602 137 936 421 353 

operations: 706 
88 234 715 340 382 789 744 129 463 616 641 7 366 707 199 909 658 456 407 882 935 735 409 307 349 848 820 261 150 304 228 90 224 276 788 143 499 312 298 163 554 986 545 108 233 904 128 547 551 777 762 335 600 532 206 73 619 582 648 85 794 558 726 461 81 322 887 657 104 940 96 976 787 198 819 138 519 329 682 583 612 967 80 557 872 634 746 474 635 311 227 506 669 379 911 750 653 999 317 404 

operations: 705 
719 568 85 895 371 828 516 669 734 976 821 876 402 995 480 943 265 143 15 239 370 589 636 298 823 762 269 136 313 710 495 520 247 912 721 419 785 176 163 385 257 865 60 890 631 824 695 132 504 905 435 109 592 925 555 467 746 40 742 782 741 666 580 825 285 254 564 486 779 139 802 521 336 960 924 149 690 597 295 586 620 985 822 465 366 243 947 307 84 281 704 492 45 403 850 972 347 373 737 984 

operations: 701 
653 903 844 15 743 419 615 738 284 201 286 337 553 377 234 168 569 718 788 345 785 33 709 640 31 658 881 938 448 977 373 931 114 654 241 727 469 192 537 767 24 156 145 17 443 500 185 137 22 154 42 182 432 65 685 508 887 782 423 991 889 253 554 398 55 393 882 10 348 851 749 319 289 811 243 183 950 111 255 438 789 581 787 933 365 236 574 233 706 777 326 906 901 744 922 547 798 196 487 257 

operations: 706 
321 508 366 926 871 609 606 301 106 686 718 820 82 511 951 349 885 908 599 345 313 957 571 432 713 306 705 970 769 314 486 54 566 740 808 911 128 456 355 588 141 497 528 454 612 397 252 539 489 251 922 370 553 275 468 781 816 729 409 92 372 101 580 510 265 978 358 24 888 90 459 665 651 169 574 869 237 173 976 87 259 221 258 802 211 987 264 162 831 276 490 200 437 823 387 343 305 308 693 956 

operations: 701 
748 554 360 146 825 43 521 302 123 133 977 74 393 50 126 446 633 768 733 229 120 490 809 704 921 709 163 728 657 931 398 993 572 793 53 675 769 927 370 548 346 62 755 242 600 693 898 320 373 546 844 174 569 952 698 447 213 430 270 818 237 326 673 105 616 115 499 684 389 486 85 775 840 334 577 421 515 500 953 863 605 945 773 137 164 157 978 739 284 958 862 189 94 481 212 782 753 407 477 802 

operations: 701 
743 959 325 562 472 901 916 529 828 458 729 193 919 404 805 974 249 120 671 157 353 558 11 365 890 956 761 902 624 875 920 615 962 185 23 342 488 477 589 292 309 964 128 303 505 827 862 598 178 487 662 375 571 154 55 937 63 741 540 136 545 733 468 885 817 274 124 837 831 622 765 82 991 207 749 738 191 138 387 560 76 119 474 467 253 684 127 797 710 524 179 308 118 996 101 408 132 66 941 949 

operations: 724 
410 993 559 370 807 448 558 287 378 156 886 679 351 469 456 700 951 986 426 202 103 624 189 62 802 483 307 740 334 773 948 104 543 840 114 514 519 161 627 492 528 515 22 355 349 249 953 817 41 80 575 57 631 18 310 111 919 486 770 393 973 844 579 65 130 304 428 966 885 875 965 160 651 500 383 135 921 221 313 974 644 609 933 940 550 98 243 488 159 856 485 299 663 187 194 545 169 595 115 356 

operations: 709 
930 637 393 686 919 882 114 740 99 871 647 936 447 890 299 839 928 187 609 132 370 818 546 927 79 720 415 508 694 134 681 518 149 384 969 192 212 276 108 403 980 54 805 688 319 458 660 809 903 867 768 870 831 322 116 645 990 536 607 863 52 988 952 698 434 279 117 668 960 884 804 828 454 110 579 790 208 938 305 442 628 532 272 565 785 824 399 514 266 479 711 355 651 738 618 608 252 410 270 373 

operations: 711 
728 934 516 430 675 264 143 768 93 164 753 234 437 238 94 704 976 141 930 915 291 914 58 666 117 349 511 613 311 848 364 44 458 937 123 434 617 779 501 918 797 928 886 668 483 823 598 762 799 784 711 567 193 319 790 416 980 935 616 612 280 472 250 965 241 776 835 994 743 464 830 882 703 371 415 734 559 385 586 445 467 118 478 590 297 652 837 765 259 114 672 995 490 346 161 553 460 975 873 285 

operations: 708 
671 230 753 944 949 961 959 861 892 43 489 222 916 499 470 415 179 741 39 838 145 353 266 587 952 156 534 926 396 488 445 214 579 460 279 481 257 590 683 497 924 995 435 427 368 529 140 945 283 93 159 530 126 245 455 312 700 782 385 562 732 314 116 999 642 412 77 367 833 264 478 635 615 664 908 389 679 181 750 188 766 620 634 243 261 699 890 613 483 577 372 520 235 138 817 920 566 525 589 192 

operations: 716 
824 644 625 729 609 175 453 706 349 661 725 240 38 232 889 131 194 282 114 906 501 881 904 547 843 891 651 977 102 727 526 449 335 248 401 575 374 957 187 512 525 55 614 931 660 528 365 956 96 659 54 337 929 281 198 923 886 708 732 481 448 997 213 278 556 718 541 517 849 208 173 206 705 699 354 146 938 64 423 536 155 445 364 818 839 804 116 546 730 539 693 751 122 602 368 19 455 851 327 511 

